teleportenabled: true
teleportauto: false
godmode: false
muted: false
jailed: false
ip-address: 127.101.203.244
afk: false
socialspy: false
npc: false
powertoolsenabled: true
accepting-pay: true
baltop-exempt: false
timestamps:
  lastteleport: 1755996817330
  lastheal: 0
  mute: 0
  jail: 0
  onlinejail: 0
  logout: 1755996944173
  login: 1755986935111
money: '0'
last-account-name: SamiHatesTurbine
logoutlocation:
  world: 3d3d7510-3aa1-4b52-936b-654cf20de811
  world-name: world
  x: -29.54539929868715
  y: 73.875
  z: -35.046231482417106
  yaw: -43.343265533447266
  pitch: 16.350027084350586
nickname: §c§lSamir
lastlocation:
  world: 6f7638f2-c5c8-4fa9-9317-b9041ff99597
  world-name: world_nether
  x: -115.30000001192093
  y: 14.0
  z: 134.30000001192093
  yaw: -95.68557739257812
  pitch: 13.949962615966797
homes:
  home:
    world: 3d3d7510-3aa1-4b52-936b-654cf20de811
    world-name: world
    x: -62.78976433525673
    y: 73.0
    z: -17.312144319799156
    yaw: -77.2431640625
    pitch: 24.300037384033203
  aldea:
    world: 3d3d7510-3aa1-4b52-936b-654cf20de811
    world-name: world
    x: -6837.624837188195
    y: 70.0
    z: 1864.5022006654544
    yaw: -91.054443359375
    pitch: 37.4999885559082
  lalomadelorto:
    world: 3d3d7510-3aa1-4b52-936b-654cf20de811
    world-name: world
    x: -14444.445446252097
    y: 76.0
    z: 1867.3166525328736
    yaw: 1.214935302734375
    pitch: 3.749943733215332
  lejos:
    world: 3d3d7510-3aa1-4b52-936b-654cf20de811
    world-name: world
    x: 18251.31236021402
    y: 65.0
    z: 12097.537791530904
    yaw: -76.4462890625
    pitch: -3.0000059604644775
